01	25	295376	7526486	000	000	116	116	169	177	186	186	270	270	165	165	120	120	106	106
02	25	296095	7526911	144	144	116	116	171	177	186	198	272	272	165	165	122	136	104	108
03	25	295160	7526450	144	172	116	116	171	177	186	198	270	276	165	179	120	128	104	104
04	25	295409	7526466	148	148	116	116	169	177	186	194	276	278	167	177	122	126	096	102
05	25	295467	7526445	144	144	114	114	169	177	186	198	272	276	169	181	120	126	102	106
06	25	295683	7526709	134	144	114	114	171	177	198	198	272	280	167	181	120	126	102	106
07	25	295692	7526735	144	144	114	114	169	169	186	186	270	270	165	179	134	134	104	110
08	25	295645	7526771	144	144	116	116	169	169	186	186	270	270	177	193	122	128	102	106
09	25	297032	7527186	144	144	116	116	173	173	186	198	272	276	167	167	120	120	104	110
10	25	297057	7527156	144	144	114	114	171	177	194	198	270	274	165	165	122	136	104	108
11	25	297483	7526671	144	144	116	126	171	177	186	186	270	274	167	167	120	120	104	104
12	25	297387	7526631	138	148	116	126	169	175	186	198	274	280	165	179	120	120	102	102
13	25	297352	7526627	144	144	116	120	169	177	186	186	272	272	167	179	120	120	102	106
14	25	297349	7526650	144	144	116	116	169	169	186	198	272	276	165	177	122	134	102	106
15	25	297322	7526625	136	144	114	114	173	175	186	186	272	278	165	181	120	126	102	106
16	25	297361	7526595	144	144	110	118	169	171	186	198	270	274	165	177	120	120	102	102
17	25	297365	7526598	144	144	114	114	171	177	186	206	274	278	187	187	120	120	096	096
18	25	297255	7527167	144	144	114	114	171	177	186	192	272	276	169	179	134	134	104	104
19	25	297236	7527165	144	144	116	116	171	177	186	186	270	270	165	179	120	134	102	106
20	25	297226	7527199	144	144	116	126	173	179	186	186	272	272	167	179	134	134	102	108
21	25	297293	7526698	144	144	116	120	169	177	186	186	272	272	169	169	134	134	102	106
22	25	297298	7526676	144	214	116	122	171	177	188	198	270	276	167	173	134	134	102	106
23	25	297285	7526637	134	144	114	114	161	169	186	198	272	276	167	181	120	134	102	106
24	25	297286	7526630	134	144	114	114	171	175	198	198	270	270	165	177	120	120	102	108
25	25	297321	7526535	144	144	114	118	169	177	194	198	272	276	165	179	120	134	102	106
26	25	297314	7526533	144	214	114	118	169	177	194	198	270	276	167	167	120	120	102	102
27	25	297291	7526846	144	172	114	114	169	177	186	198	270	270	165	177	120	134	102	102
28	25	297085	7527191	144	174	116	126	171	171	186	198	272	272	167	171	122	134	102	108
29	25	297041	7526995	144	144	116	126	171	177	198	198	268	274	165	179	120	134	102	106
30	25	297031	7527003	144	178	116	126	171	179	186	198	272	276	167	181	120	120	102	108
31	25	297031	7526964	144	144	114	114	171	179	186	194	272	276	000	000	120	120	102	102
32	25	297063	7526720	144	144	116	126	171	171	186	186	272	276	165	177	120	134	102	108
33	25	297144	7526606	144	144	116	116	169	171	186	198	272	276	165	165	134	134	102	102
34	25	297149	7526581	134	144	114	114	161	169	186	198	272	272	165	177	120	120	104	108
35	25	297157	7526581	134	144	114	114	171	171	186	194	272	276	165	181	120	120	102	106
36	25	297161	7526569	134	144	114	114	171	177	186	186	272	276	167	181	120	120	102	106
37	25	297163	7526565	144	144	116	116	169	177	198	198	270	276	167	177	126	126	104	104
38	25	297145	7526522	144	144	116	126	171	181	186	198	270	276	167	167	120	134	102	102
39	25	297039	7526301	144	144	114	114	169	177	186	198	270	270	165	165	120	120	102	106
40	25	296971	7526459	144	144	114	114	175	175	186	198	270	276	165	167	120	120	102	106
41	25	296982	7526639	144	144	116	116	169	177	194	198	268	268	165	179	120	120	102	102
42	25	296941	7526883	144	144	116	126	169	169	186	198	272	272	165	179	122	134	102	102
43	25	296961	7526902	134	144	116	126	169	173	198	198	270	276	167	179	120	134	104	108
44	25	296963	7526946	144	144	116	126	169	177	186	186	272	282	167	181	120	120	102	102
45	25	296944	7526990	144	144	114	114	169	177	186	198	270	276	165	179	120	120	102	102
46	25	296855	7527084	144	144	116	118	171	177	198	198	272	276	169	183	120	120	104	110
47	25	296858	7526921	144	144	116	126	169	177	186	198	272	272	177	193	136	136	102	106
48	25	296903	7526356	144	144	116	116	171	177	186	198	270	274	169	177	122	122	102	108
49	25	297056	7526136	134	144	116	116	169	169	188	198	272	272	169	169	120	134	102	108
50	25	296927	7526550	144	144	118	118	171	177	186	186	272	276	167	167	120	120	102	106
51	25	296927	7526543	134	144	114	114	169	177	186	198	270	274	169	181	120	134	102	106
52	25	296858	7526975	144	144	114	114	169	173	198	198	270	276	165	181	120	126	100	100
53	25	295134	7526333	134	144	116	126	171	177	186	194	274	282	165	171	120	126	102	106
54	25	295902	7526497	144	144	116	116	171	177	186	198	272	278	179	193	120	120	096	102
55	25	295901	7526478	144	170	114	114	173	177	186	186	270	270	169	169	120	120	102	102
56	25	295902	7526451	144	144	114	114	169	175	186	198	272	280	167	167	124	134	102	102
57	25	295973	7526307	144	144	116	116	169	175	186	186	272	276	167	179	120	134	102	102
58	25	296116	7526329	144	144	116	116	171	171	186	198	272	272	167	167	134	134	102	102
59	25	295690	7526222	144	170	114	118	171	177	186	194	270	274	165	179	120	124	102	108
60	25	295889	7526589	144	144	114	114	173	177	186	198	270	270	169	179	122	128	102	106
61	25	296117	7526725	144	144	116	126	171	177	186	198	272	276	169	177	122	122	102	106
62	25	296154	7526675	144	144	116	126	169	169	186	186	270	270	161	165	134	134	102	106
63	25	296239	7526471	144	170	118	126	171	177	186	186	272	272	165	179	120	120	102	108
64	25	296232	7526433	144	176	114	118	171	175	186	206	270	274	161	161	120	134	100	106
65	25	296216	7526445	144	144	116	126	171	177	186	198	272	272	177	179	120	120	102	102
66	25	296079	7526389	144	170	116	116	171	171	184	198	270	270	167	167	120	134	102	102
67	25	296047	7526534	144	144	116	116	169	177	198	198	270	270	165	169	120	124	102	102
68	25	296001	7526713	144	214	116	126	169	177	186	194	270	276	165	165	126	134	102	108
69	25	296833	7526371	144	144	116	126	169	169	186	186	272	276	177	177	120	134	102	108
70	25	296712	7526495	144	170	116	126	169	175	198	198	270	270	165	181	122	122	104	108
71	25	296695	7526622	144	144	116	126	169	177	186	198	270	276	165	179	120	134	102	106
72	25	296721	7526631	134	144	116	118	169	169	198	198	272	276	165	181	122	128	104	108
73	25	296728	7526624	144	144	116	116	169	169	186	186	272	276	169	169	120	120	102	102
74	25	296725	7526614	144	144	116	116	169	177	186	198	272	276	165	177	118	122	102	102
75	25	296729	7526601	000	000	116	126	173	177	186	186	272	276	000	000	120	134	104	104
76	25	296713	7526650	144	144	114	114	169	177	198	198	272	276	169	169	120	120	104	110
77	25	296697	7526703	144	144	116	126	173	177	198	198	270	274	169	185	122	122	104	108
78	25	296483	7526409	134	144	114	114	171	177	186	186	272	276	165	179	120	134	102	108
79	25	296484	7526412	144	144	114	114	171	171	186	186	274	276	165	179	120	134	102	102
80	25	296474	7526549	144	170	116	116	171	177	186	186	272	278	179	193	122	136	102	106
81	25	296423	7526638	144	144	114	114	171	177	198	198	298	298	161	175	120	124	102	106
82	25	296434	7526451	144	144	116	116	171	171	186	198	270	276	165	165	120	120	102	102
83	25	296439	7526402	144	144	118	118	173	179	186	198	270	270	165	179	120	136	104	104
84	25	296455	7526378	144	144	114	114	171	177	186	186	270	276	165	165	124	134	104	110
85	25	296488	7526363	144	144	116	116	171	171	186	194	270	274	169	171	120	120	102	102
86	25	296513	7526169	144	162	116	126	169	177	186	198	272	272	161	169	120	120	102	106
87	25	296457	7526271	144	144	116	126	169	177	186	196	274	278	165	177	126	136	102	108
88	25	296455	7526272	144	144	116	116	169	177	186	196	274	278	165	179	124	134	102	102
89	25	296463	7526282	144	144	114	114	169	169	186	196	274	276	171	189	122	122	102	106
90	25	296464	7526282	144	144	118	126	171	177	186	196	274	282	173	177	120	136	102	106
91	25	296382	7526474	144	144	116	126	177	183	186	186	270	270	165	179	122	122	102	108
92	25	296381	7526528	144	144	116	116	171	177	198	198	272	278	167	167	120	120	102	102
93	25	296276	7526692	144	144	114	114	171	177	186	186	272	278	165	181	120	120	102	108
94	25	296281	7526695	144	144	112	114	171	177	186	194	272	272	169	181	120	126	102	106
95	25	296288	7526698	000	000	118	118	169	169	186	186	272	272	167	177	120	136	104	104
96	25	296258	7526742	144	144	118	128	169	177	186	198	272	276	165	177	120	128	102	106
97	25	296239	7526734	144	144	118	128	169	169	186	198	272	276	165	177	120	136	102	102
98	25	296245	7526725	144	144	116	116	173	177	186	198	272	272	165	169	122	136	102	102
99	40	296217	7526759	144	144	118	128	171	171	186	198	272	276	167	177	124	136	104	104
